0 456 937 575 1024 
1 0 748 112 862 
2 368 621 489 730 
3 649 314 796 396 
4 517 585 606 692 
5 104 425 214 518 
6 920 889 1022 979 
7 100 260 235 387 
8 6 539 137 650 
9 180 831 291 983 
10 292 969 426 1023 
11 242 467 349 588 
12 747 792 883 892 
13 402 3 483 79 
14 632 685 724 768 
15 642 104 729 241 
16 808 393 925 554 
17 591 2 709 56 
18 76 964 169 1024 
19 836 591 939 685 
20 284 339 420 439 
21 244 712 358 794 
22 317 427 433 518 
23 11 340 102 521 
24 269 610 367 774 
25 930 390 1024 564 
26 869 809 1020 931 
27 376 87 474 282 
28 439 721 580 876 
29 836 601 950 746 
