0 141 479 237 586 
1 531 889 661 999 
2 623 625 751 718 
3 316 348 417 455 
4 241 540 385 636 
5 19 110 133 238 
6 396 3 530 65 
7 140 777 269 931 
8 729 448 854 589 
9 301 859 426 958 
10 585 242 724 339 
11 269 722 381 834 
12 794 188 919 299 
13 777 712 914 809 
14 414 604 504 706 
15 502 87 671 214 
16 197 66 296 159 
17 851 415 1003 519 
18 880 176 1022 289 
19 870 786 1007 883 
20 330 67 486 219 
21 0 4 94 85 
22 324 627 446 746 
23 468 473 568 556 
24 861 321 990 395 
25 274 188 377 277 
26 734 307 868 404 
