0 931 354 1015 475 
1 431 318 558 438 
2 13 40 123 150 
3 801 173 936 293 
4 449 164 548 258 
5 770 880 919 975 
6 54 157 161 261 
7 613 861 739 932 
8 789 637 912 758 
9 797 756 907 827 
10 461 4 611 130 
11 166 211 260 299 
12 856 344 944 465 
13 370 122 473 260 
14 82 850 198 946 
15 638 168 731 258 
16 731 377 827 477 
17 67 492 163 591 
18 0 804 70 915 
19 261 925 339 1024 
20 244 367 351 443 
21 5 628 142 717 
22 538 632 619 749 
23 95 290 202 364 
24 242 592 373 663 
25 395 494 473 596 
26 635 608 746 675 
27 145 672 221 791 
28 347 637 426 714 
29 300 810 406 891 
30 0 510 78 617 
31 586 380 683 458 
32 214 456 313 525 
