0 487 37 602 128 
1 773 908 899 1016 
2 791 583 904 685 
3 585 105 696 185 
4 554 582 679 706 
5 485 259 626 383 
6 525 895 677 1007 
7 272 130 410 239 
8 736 425 858 559 
9 916 652 1021 769 
10 482 782 616 885 
11 641 498 741 583 
12 906 796 1015 899 
13 45 874 194 981 
14 698 614 820 710 
15 635 0 736 82 
16 7 657 122 771 
17 855 471 979 593 
18 463 641 575 738 
19 471 453 585 539 
20 948 95 1024 201 
21 308 0 427 110 
22 650 778 731 881 
23 250 912 366 1020 
24 177 313 280 447 
25 811 709 890 825 
26 18 496 137 578 
27 302 738 427 874 
28 894 330 1023 490 
29 781 154 877 239 
30 176 684 287 811 
31 108 443 267 546 
32 738 764 835 892 
33 816 14 907 102 
34 437 0 529 73 
35 0 203 97 280 
36 667 679 758 761 
37 170 50 265 132 
38 83 572 194 708 
39 103 812 218 894 
40 90 2 176 72 
