0 391 899 511 994 
1 405 314 497 410 
2 68 229 177 337 
3 960 150 1024 273 
4 627 846 718 973 
5 924 317 1024 404 
6 748 660 857 814 
7 877 861 1019 960 
8 492 109 588 232 
9 110 524 214 664 
10 742 871 874 1007 
11 573 579 667 696 
12 69 772 194 872 
13 712 38 876 142 
14 275 329 382 408 
15 893 138 972 248 
16 245 428 333 565 
17 625 232 753 335 
18 0 657 73 764 
19 757 510 860 580 
20 829 429 912 527 
21 274 138 416 223 
22 526 811 644 901 
23 362 714 491 793 
24 251 0 329 69 
25 114 361 244 447 
26 426 654 533 737 
27 9 89 98 218 
28 532 228 625 336 
29 479 864 605 955 
30 140 689 233 771 
31 241 664 341 746 
32 394 409 487 512 
33 523 431 593 541 
34 638 101 745 178 
